{"sfm_data_version": "0.3", "root_path": "E:\\SFM\\wfh\\Data\\campus", "views": [{"key": 0, "value": {"polymorphic_id": 1073741824, "ptr_wrapper": {"id": 2147483649, "data": {"local_path": "", "filename": "11.JPG", "width": 8984, "height": 6732, "id_view": 0, "id_intrinsic": 0, "id_pose": 0}}}}, {"key": 1, "value": {"polymorphic_id": 1073741824, "ptr_wrapper": {"id": 2147483650, "data": {"local_path": "", "filename": "12.JPG", "width": 8984, "height": 6732, "id_view": 1, "id_intrinsic": 0, "id_pose": 1}}}}, {"key": 2, "value": {"polymorphic_id": 1073741824, "ptr_wrapper": {"id": 2147483651, "data": {"local_path": "", "filename": "13.JPG", "width": 8984, "height": 6732, "id_view": 2, "id_intrinsic": 0, "id_pose": 2}}}}, {"key": 3, "value": {"polymorphic_id": 1073741824, "ptr_wrapper": {"id": 2147483652, "data": {"local_path": "", "filename": "167.JPG", "width": 8984, "height": 6732, "id_view": 3, "id_intrinsic": 0, "id_pose": 3}}}}, {"key": 4, "value": {"polymorphic_id": 1073741824, "ptr_wrapper": {"id": 2147483653, "data": {"local_path": "", "filename": "168.JPG", "width": 8984, "height": 6732, "id_view": 4, "id_intrinsic": 0, "id_pose": 4}}}}, {"key": 5, "value": {"polymorphic_id": 1073741824, "ptr_wrapper": {"id": 2147483654, "data": {"local_path": "", "filename": "169.JPG", "width": 8984, "height": 6732, "id_view": 5, "id_intrinsic": 0, "id_pose": 5}}}}, {"key": 6, "value": {"polymorphic_id": 1073741824, "ptr_wrapper": {"id": 2147483655, "data": {"local_path": "", "filename": "177.JPG", "width": 8984, "height": 6732, "id_view": 6, "id_intrinsic": 0, "id_pose": 6}}}}, {"key": 7, "value": {"polymorphic_id": 1073741824, "ptr_wrapper": {"id": 2147483656, "data": {"local_path": "", "filename": "178.JPG", "width": 8984, "height": 6732, "id_view": 7, "id_intrinsic": 0, "id_pose": 7}}}}, {"key": 8, "value": {"polymorphic_id": 1073741824, "ptr_wrapper": {"id": 2147483657, "data": {"local_path": "", "filename": "179.JPG", "width": 8984, "height": 6732, "id_view": 8, "id_intrinsic": 0, "id_pose": 8}}}}, {"key": 9, "value": {"polymorphic_id": 1073741824, "ptr_wrapper": {"id": 2147483658, "data": {"local_path": "", "filename": "30.JPG", "width": 8984, "height": 6732, "id_view": 9, "id_intrinsic": 0, "id_pose": 9}}}}, {"key": 10, "value": {"polymorphic_id": 1073741824, "ptr_wrapper": {"id": 2147483659, "data": {"local_path": "", "filename": "31.JPG", "width": 8984, "height": 6732, "id_view": 10, "id_intrinsic": 0, "id_pose": 10}}}}, {"key": 11, "value": {"polymorphic_id": 1073741824, "ptr_wrapper": {"id": 2147483660, "data": {"local_path": "", "filename": "48.JPG", "width": 8984, "height": 6732, "id_view": 11, "id_intrinsic": 0, "id_pose": 11}}}}, {"key": 12, "value": {"polymorphic_id": 1073741824, "ptr_wrapper": {"id": 2147483661, "data": {"local_path": "", "filename": "49.JPG", "width": 8984, "height": 6732, "id_view": 12, "id_intrinsic": 0, "id_pose": 12}}}}, {"key": 13, "value": {"polymorphic_id": 1073741824, "ptr_wrapper": {"id": 2147483662, "data": {"local_path": "", "filename": "50.JPG", "width": 8984, "height": 6732, "id_view": 13, "id_intrinsic": 0, "id_pose": 13}}}}], "intrinsics": [{"key": 0, "value": {"polymorphic_id": 2147483649, "polymorphic_name": "pinhole_radial_k3", "ptr_wrapper": {"id": 2147483663, "data": {"width": 8984, "height": 6732, "focal_length": 11807.169510556027, "principal_point": [4478.139781000555, 3361.6208497683956], "disto_k3": [0.01284268969148863, -0.02363477904338233, 0.06987001691631678]}}}}], "extrinsics": [{"key": 0, "value": {"rotation": [[0.9285410696667081, 0.10949456588251548, -0.35471456409965035], [-0.06254501303231752, 0.9879957813236238, 0.14125316786362524], [0.3659229471992604, -0.1089737405475362, 0.9242429986665225]], "center": [0.020240368514983263, 0.02664521492275665, -0.2146097199528717]}}, {"key": 1, "value": {"rotation": [[0.9997777056259108, 0.018900802635947365, -0.009343393018945855], [-0.01869285222960672, 0.9995861849702347, 0.021864036502301766], [0.009752774421240765, -0.02168452158496613, 0.9997172924955933]], "center": [0.048727825781095566, -0.5862073799928711, -0.20043623315935175]}}, {"key": 2, "value": {"rotation": [[0.9965461489162103, 0.018912268828814475, -0.0808585132686537], [-0.020222487053049295, 0.9996766518183684, -0.015415668217947199], [0.08054082255390523, 0.016997585033269463, 0.9966063706425808]], "center": [0.08979784324524695, -1.2006391823208058, -0.1774521517911891]}}, {"key": 3, "value": {"rotation": [[-0.9926484193436862, -0.12103159439652919, -0.0006846402816696635], [0.11915721515201107, -0.9782364679572463, 0.16986750965310826], [-0.021229075620445296, 0.16853713512566162, 0.9854666713958091]], "center": [0.3251918625624597, -1.4804545180504671, -0.10120321058727677]}}, {"key": 4, "value": {"rotation": [[-0.9974746056704318, -0.0648100894932803, 0.02905276824142012], [0.06853670964700531, -0.9856349162068273, 0.15435845096632275], [0.018631437770036997, 0.1559598161509354, 0.9875876696642115]], "center": [0.27498379906127307, -0.8362504167393565, -0.11363119313566733]}}, {"key": 5, "value": {"rotation": [[-0.9785648403309118, -0.07528634463786184, 0.1916841662193464], [0.07605487336716929, -0.9970979868627873, -0.0033557162097689157], [0.19138053585785775, 0.011294729091295452, 0.9814509257163668]], "center": [0.24718015756513076, -0.1930141896314128, -0.13325686516611795]}}, {"key": 6, "value": {"rotation": [[-0.06597026478569554, 0.9974424453287386, 0.02750440729649266], [-0.9944917587355109, -0.06347511215174968, -0.0834089440316392], [-0.08144977575939384, -0.03285541650852931, 0.9961357616483787]], "center": [-0.2229420921896958, -0.9140238107934443, -0.21823335054359608]}}, {"key": 7, "value": {"rotation": [[-0.04245027899003832, 0.9955287765054508, -0.08438263425153411], [-0.9990881274616361, -0.04268450826429196, -0.0009727895133170546], [-0.004570271203062194, 0.08426439285840644, 0.9964329504373761]], "center": [0.43454012093469924, -0.8765293516293544, -0.23355566587194557]}}, {"key": 8, "value": {"rotation": [[-0.019708525589206976, 0.9856697524796733, -0.16753123012071303], [-0.9233652198463056, 0.04631485202241866, 0.38111888599271143], [0.3834165421539392, 0.1622038024486516, 0.9092203702480028]], "center": [1.0935555822958838, -0.8585310630445334, -0.23983948880806322]}}, {"key": 9, "value": {"rotation": [[-0.9988878954236975, -0.011351567174269706, -0.045761493624055335], [0.004561860215075688, -0.9892994253490589, 0.14582810578005842], [-0.04692719688405141, 0.14545717213912088, 0.9882510051934659]], "center": [0.6329714423155274, -1.173819312131768, -0.07272761568241665]}}, {"key": 10, "value": {"rotation": [[-0.9972200904623879, 0.0035681967854054113, 0.07442687115476103], [0.002109433954068045, -0.9971004856294035, 0.07606689060295158], [0.07448249100681449, 0.07601243009737683, 0.9943211096039907]], "center": [0.6394941081235331, -0.5404739491768042, -0.08876541524116864]}}, {"key": 11, "value": {"rotation": [[0.9381169766726192, 0.06657518882406571, -0.3398592095436942], [-0.0070279846447669405, 0.984806193200754, 0.17351475229867974], [0.3462472317729884, -0.1603886095284801, 0.9243312979787406]], "center": [1.1324164841220574, -0.09423801384345656, -0.2148997223978964]}}, {"key": 12, "value": {"rotation": [[0.9457824378941715, -0.0045293866911946465, -0.3247692485860682], [-0.058041919038183135, 0.9814510458586913, -0.18271557190684692], [0.3195727081672068, 0.1916594094718096, 0.9279762685303943]], "center": [1.1790275374374395, -0.7619630412751721, -0.196351522990598]}}, {"key": 13, "value": {"rotation": [[0.94769735763408, 0.21517503548208616, -0.23573167466139433], [-0.26102899845348193, 0.9475375522823701, -0.1844896988482195], [0.1836670365083366, 0.23637320304979062, 0.9541457585611476]], "center": [1.2301810718284507, -1.4242492549286851, -0.17456165786703334]}}], "structure": [{"key": 0, "value": {"X": [0.39704766945115494, -0.45115724109395305, 1.2526555195992566], "observations": [{"key": 0, "value": {"id_feat": 23, "x": [7388.7998046875, 62.89950180053711]}}, {"key": 1, "value": {"id_feat": 2134, "x": [7288.27001953125, 4684.52001953125]}}, {"key": 5, "value": {"id_feat": 3352, "x": [2739.110107421875, 6617.9599609375]}}, {"key": 10, "value": {"id_feat": 3050, "x": [7122.0400390625, 3671.35009765625]}}]}}, {"key": 1, "value": {"X": [0.2708225803560543, -0.4383022497676888, 1.2684930854724097], "observations": [{"key": 0, "value": {"id_feat": 71, "x": [6414.580078125, 170.4459991455078]}}, {"key": 1, "value": {"id_feat": 2212, "x": [6296.009765625, 4829.06982421875]}}, {"key": 10, "value": {"id_feat": 1316, "x": [8211.3203125, 3544.31005859375]}}]}}, {"key": 2, "value": {"X": [0.25425546437884566, -0.43573246133665855, 1.2692774463267809], "observations": [{"key": 0, "value": {"id_feat": 72, "x": [6311.35009765625, 173.80499267578125]}}, {"key": 1, "value": {"id_feat": 4383, "x": [6190.85986328125, 4835.919921875]}}, {"key": 4, "value": {"id_feat": 3838, "x": [3894.159912109375, 1003.0399780273438]}}, {"key": 5, "value": {"id_feat": 5133, "x": [3915.739990234375, 6445.7099609375]}}, {"key": 7, "value": {"id_feat": 3544, "x": [7018.68017578125, 5347.93017578125]}}]}}, {"key": 3, "value": {"X": [0.5724946448766157, -0.43378330821564864, 1.2138524513881546], "observations": [{"key": 0, "value": {"id_feat": 94, "x": [8784.8701171875, 260.4159851074219]}}, {"key": 1, "value": {"id_feat": 2227, "x": [8725.009765625, 4845.3701171875]}}, {"key": 4, "value": {"id_feat": 629, "x": [1240.199951171875, 1090.3299560546875]}}, {"key": 5, "value": {"id_feat": 3291, "x": [1193.800048828125, 6457.25]}}, {"key": 7, "value": {"id_feat": 1190, "x": [6959.08984375, 2923.800048828125]}}, {"key": 10, "value": {"id_feat": 1287, "x": [5572.0, 3458.260009765625]}}]}}, {"key": 4, "value": {"X": [0.16782897578803174, -0.41570745402317155, 1.260435869334369], "observations": [{"key": 0, "value": {"id_feat": 112, "x": [5672.2998046875, 305.9570007324219]}}, {"key": 1, "value": {"id_feat": 2316, "x": [5541.52001953125, 5007.02978515625]}}, {"key": 5, "value": {"id_feat": 3166, "x": [4609.68994140625, 6265.6201171875]}}]}}, {"key": 5, "value": {"X": [-0.2425258291900338, -0.40888621844640205, 1.2759479919371322], "observations": [{"key": 0, "value": {"id_feat": 113, "x": [2299.75, 307.7460021972656]}}, {"key": 1, "value": {"id_feat": 4511, "x": [2093.6298828125, 5110.31982421875]}}, {"key": 5, "value": {"id_feat": 3092, "x": [8197.4296875, 6127.06005859375]}}]}}, {"key": 6, "value": {"X": [0.6708430589724729, -0.3977214481082136, 1.2442366461784413], "observations": [{"key": 0, "value": {"id_feat": 117, "x": [8126.009765625, 314.34600830078125]}}, {"key": 1, "value": {"id_feat": 2265, "x": [8051.60986328125, 4921.47998046875]}}, {"key": 4, "value": {"id_feat": 567, "x": [1948.3199462890625, 986.9340209960938]}}, {"key": 5, "value": {"id_feat": 5111, "x": [1924.510009765625, 6366.85986328125]}}, {"key": 10, "value": {"id_feat": 1248, "x": [6301.0, 3394.93994140625]}}]}}, {"key": 7, "value": {"X": [0.6056073248849803, -0.4179052350257215, 1.3322938400365307], "observations": [{"key": 0, "value": {"id_feat": 124, "x": [8761.5, 325.88800048828125]}}, {"key": 1, "value": {"id_feat": 2261, "x": [8703.3701171875, 4914.2998046875]}}, {"key": 4, "value": {"id_feat": 600, "x": [1262.0699462890625, 1018.4099731445312]}}, {"key": 5, "value": {"id_feat": 3259, "x": [1220.1400146484375, 6382.0]}}, {"key": 7, "value": {"id_feat": 1202, "x": [7024.75, 2945.22998046875]}}, {"key": 10, "value": {"id_feat": 1242, "x": [5598.68017578125, 3385.27001953125]}}]}}, {"key": 8, "value": {"X": [0.16474809882233224, -0.41380582347101125, 1.2676717379062523], "observations": [{"key": 0, "value": {"id_feat": 125, "x": [5634.830078125, 329.4729919433594]}}, {"key": 1, "value": {"id_feat": 4470, "x": [5505.0400390625, 5020.83984375]}}, {"key": 5, "value": {"id_feat": 3147, "x": [4646.83984375, 6241.9599609375]}}]}}, {"key": 9, "value": {"X": [0.4033197291189072, -0.4168732864282366, 1.2581633520269089], "observations": [{"key": 0, "value": {"id_feat": 128, "x": [7438.14990234375, 336.0039978027344]}}, {"key": 1, "value": {"id_feat": 2301, "x": [7349.35986328125, 4966.52001953125]}}, {"key": 10, "value": {"id_feat": 2992, "x": [7061.35986328125, 3364.050048828125]}}]}}, {"key": 10, "value": {"X": [0.5875304743567438, -0.4168929350820092, 1.2750806889436408], "observations": [{"key": 0, "value": {"id_feat": 134, "x": [8785.7802734375, 341.3039855957031]}}, {"key": 1, "value": {"id_feat": 2270, "x": [8729.0, 4928.35986328125]}}, {"key": 4, "value": {"id_feat": 587, "x": [1234.719970703125, 1005.0399780273438]}}, {"key": 5, "value": {"id_feat": 3241, "x": [1193.1199951171875, 6366.330078125]}}, {"key": 7, "value": {"id_feat": 1186, "x": [7037.240234375, 2921.239990234375]}}, {"key": 10, "value": {"id_feat": 1232, "x": [5571.66015625, 3369.3701171875]}}]}}, {"key": 11, "value": {"X": [0.5812026508148435, -0.4146673518288869, 1.2580746576812332], "observations": [{"key": 0, "value": {"id_feat": 139, "x": [8799.3203125, 346.27899169921875]}}, {"key": 1, "value": {"id_feat": 2277, "x": [8743.16015625, 4934.77001953125]}}, {"key": 4, "value": {"id_feat": 3831, "x": [1219.8199462890625, 998.947998046875]}}, {"key": 5, "value": {"id_feat": 5106, "x": [1178.3599853515625, 6360.509765625]}}, {"key": 7, "value": {"id_feat": 1181, "x": [7042.5400390625, 2908.139892578125]}}, {"key": 10, "value": {"id_feat": 2991, "x": [5557.2001953125, 3363.1298828125]}}]}}, {"key": 12, "value": {"X": [0.5666099585836291, -0.39839787292800055, 1.2302828413578124], "observations": [{"key": 0, "value": {"id_feat": 155, "x": [8611.419921875, 385.14300537109375]}}, {"key": 1, "value": {"id_feat": 2307, "x": [8552.240234375, 4981.169921875]}}, {"key": 10, "value": {"id_feat": 1183, "x": [5763.97021484375, 3318.469970703125]}}]}}, {"key": 13, "value": {"X": [0.3948584667170004, -0.36370770275636904, 1.5966428771333638], "observations": [{"key": 0, "value": {"id_feat": 157, "x": [5851.2099609375, 389.0480041503906]}}, {"key": 1, "value": {"id_feat": 2377, "x": [5727.16015625, 5087.2900390625]}}, {"key": 5, "value": {"id_feat": 3117, "x": [4414.31005859375, 6180.740234375]}}]}}, {"key": 14, "value": {"X": [0.04482309440636433, -0.397715537135544, 1.29572831854694], "observations": [{"key": 0, "value": {"id_feat": 202, "x": [4665.25, 472.08099365234375]}}, {"key": 1, "value": {"id_feat": 4531, "x": [4517.7099609375, 5196.0]}}, {"key": 4, "value": {"id_feat": 3682, "x": [5597.240234375, 581.051025390625]}}, {"key": 5, "value": {"id_feat": 5014, "x": [5680.25, 6045.3798828125]}}]}}, {"key": 15, "value": {"X": [-0.11779281980738808, -0.39204440190773066, 1.2687675373539435], "observations": [{"key": 0, "value": {"id_feat": 208, "x": [3379.52001953125, 475.9570007324219]}}, {"key": 1, "value": {"id_feat": 2459, "x": [3203.31005859375, 5250.91015625]}}, {"key": 4, "value": {"id_feat": 269, "x": [6932.3798828125, 476.9700012207031]}}, {"key": 5, "value": {"id_feat": 3009, "x": [7049.6201171875, 5985.509765625]}}, {"key": 6, "value": {"id_feat": 1466, "x": [8743.849609375, 2867.1201171875]}}]}}, {"key": 16, "value": {"X": [0.5952562277812072, -0.3906607835740875, 1.2690964560575209], "observations": [{"key": 0, "value": {"id_feat": 218, "x": [8730.5400390625, 496.2359924316406]}}, {"key": 1, "value": {"id_feat": 2383, "x": [8678.419921875, 5094.83984375]}}, {"key": 4, "value": {"id_feat": 3757, "x": [1286.3499755859375, 831.1530151367188]}}, {"key": 5, "value": {"id_feat": 5043, "x": [1256.050048828125, 6187.41015625]}}, {"key": 10, "value": {"id_feat": 2940, "x": [5635.89013671875, 3194.3798828125]}}]}}, {"key": 17, "value": {"X": [0.2852883580286219, -0.3865762114603757, 1.2693379530464368], "observations": [{"key": 0, "value": {"id_feat": 253, "x": [6567.85009765625, 548.1649780273438]}}, {"key": 1, "value": {"id_feat": 2440, "x": [6465.93994140625, 5219.68017578125]}}, {"key": 5, "value": {"id_feat": 3042, "x": [3629.18994140625, 6037.39990234375]}}]}}, {"key": 18, "value": {"X": [0.35318452467230743, -0.3774949147814212, 1.2682262032513958], "observations": [{"key": 0, "value": {"id_feat": 287, "x": [7065.990234375, 647.2490234375]}}, {"key": 1, "value": {"id_feat": 2476, "x": [6980.22021484375, 5303.3701171875]}}, {"key": 10, "value": {"id_feat": 1061, "x": [7470.39990234375, 3015.739990234375]}}]}}, {"key": 19, "value": {"X": [-0.050646506888151574, -0.3772207789082215, 1.3111201903762988], "observations": [{"key": 0, "value": {"id_feat": 289, "x": [3928.969970703125, 649.1539916992188]}}, {"key": 1, "value": {"id_feat": 4598, "x": [3771.22998046875, 5409.919921875]}}, {"key": 4, "value": {"id_feat": 3603, "x": [6346.10009765625, 338.78900146484375]}}, {"key": 5, "value": {"id_feat": 4946, "x": [6458.02978515625, 5818.56982421875]}}]}}, {"key": 20, "value": {"X": [0.399709992991298, -0.3733773846404507, 1.2890959763281862], "observations": [{"key": 0, "value": {"id_feat": 309, "x": [7355.47021484375, 685.1589965820312]}}, {"key": 1, "value": {"id_feat": 2491, "x": [7277.9501953125, 5332.89990234375]}}, {"key": 10, "value": {"id_feat": 1042, "x": [7147.2900390625, 2977.679931640625]}}]}}, {"key": 21, "value": {"X": [0.3996215434242776, -0.3733597016521932, 1.2887792524898516], "observations": [{"key": 0, "value": {"id_feat": 310, "x": [7355.47021484375, 685.1589965820312]}}, {"key": 1, "value": {"id_feat": 2492, "x": [7277.9501953125, 5332.89990234375]}}, {"key": 10, "value": {"id_feat": 1041, "x": [7147.2900390625, 2977.679931640625]}}]}}, {"key": 22, "value": {"X": [0.3964655680104215, -0.3707393112542133, 1.282276536354869], "observations": [{"key": 0, "value": {"id_feat": 326, "x": [7347.06005859375, 702.8070068359375]}}, {"key": 1, "value": {"id_feat": 2503, "x": [7270.0498046875, 5351.5498046875]}}, {"key": 10, "value": {"id_feat": 1027, "x": [7156.240234375, 2957.909912109375]}}]}}, {"key": 23, "value": {"X": [0.41525487289416935, -0.3634492456732908, 1.266092270523789], "observations": [{"key": 0, "value": {"id_feat": 334, "x": [7527.22021484375, 717.2650146484375]}}, {"key": 1, "value": {"id_feat": 4586, "x": [7454.9599609375, 5357.919921875]}}, {"key": 5, "value": {"id_feat": 4958, "x": [2578.1201171875, 5890.93017578125]}}, {"key": 10, "value": {"id_feat": 2883, "x": [6953.43994140625, 2946.5]}}]}}, {"key": 24, "value": {"X": [-0.08484312376796346, -0.35915771545629044, 1.2743977029267446], "observations": [{"key": 0, "value": {"id_feat": 350, "x": [3676.2099609375, 738.3300170898438]}}, {"key": 1, "value": {"id_feat": 4635, "x": [3515.530029296875, 5522.52001953125]}}, {"key": 5, "value": {"id_feat": 2876, "x": [6725.759765625, 5706.47998046875]}}]}}, {"key": 25, "value": {"X": [-0.08568643870937669, -0.35481220297502, 1.2449609353915871], "observations": [{"key": 0, "value": {"id_feat": 352, "x": [3661.77001953125, 739.93798828125]}}, {"key": 1, "value": {"id_feat": 2560, "x": [3502.72998046875, 5517.31982421875]}}, {"key": 4, "value": {"id_feat": 3571, "x": [6613.31005859375, 220.39199829101562]}}, {"key": 5, "value": {"id_feat": 2877, "x": [6738.240234375, 5706.77001953125]}}]}}, {"key": 26, "value": {"X": [-0.268807260029279, -0.3150244463937899, 1.3449208467377198], "observations": [{"key": 0, "value": {"id_feat": 369, "x": [2240.9599609375, 791.4959716796875]}}, {"key": 1, "value": {"id_feat": 4647, "x": [2050.330078125, 5614.41015625]}}, {"key": 4, "value": {"id_feat": 62, "x": [8065.0400390625, 78.75640106201172]}}, {"key": 5, "value": {"id_feat": 4879, "x": [8226.080078125, 5597.10009765625]}}]}}, {"key": 27, "value": {"X": [-0.13391265451243567, -0.33433999172576245, 1.2066699026073953], "observations": [{"key": 0, "value": {"id_feat": 373, "x": [3429.919921875, 803.2020263671875]}}, {"key": 1, "value": {"id_feat": 4658, "x": [3265.330078125, 5629.919921875]}}, {"key": 5, "value": {"id_feat": 4886, "x": [6994.509765625, 5613.41015625]}}]}}, {"key": 28, "value": {"X": [-0.052071157885742084, -0.324299908206994, 1.2706754077446507], "observations": [{"key": 0, "value": {"id_feat": 494, "x": [3942.97998046875, 1021.0700073242188]}}, {"key": 1, "value": {"id_feat": 2693, "x": [3799.85009765625, 5796.509765625]}}, {"key": 5, "value": {"id_feat": 4823, "x": [6424.52978515625, 5412.10986328125]}}]}}, {"key": 29, "value": {"X": [-0.23116455932269045, -0.3201949580001118, 1.25097718701986], "observations": [{"key": 0, "value": {"id_feat": 501, "x": [2415.969970703125, 1032.18994140625]}}, {"key": 1, "value": {"id_feat": 2718, "x": [2238.3798828125, 5858.93017578125]}}, {"key": 5, "value": {"id_feat": 2720, "x": [8026.669921875, 5342.89013671875]}}]}}, {"key": 30, "value": {"X": [-0.23122772756097362, -0.32020032177058916, 1.251326230823798], "observations": [{"key": 0, "value": {"id_feat": 502, "x": [2415.969970703125, 1032.18994140625]}}, {"key": 1, "value": {"id_feat": 2719, "x": [2238.3798828125, 5858.93017578125]}}, {"key": 5, "value": {"id_feat": 2721, "x": [8026.669921875, 5342.89013671875]}}]}}, {"key": 31, "value": {"X": [0.09531471448606328, -0.2917422129872037, 1.2692992065775137], "observations": [{"key": 0, "value": {"id_feat": 618, "x": [5118.02001953125, 1303.27001953125]}}, {"key": 1, "value": {"id_feat": 2804, "x": [5012.0400390625, 6050.75]}}, {"key": 5, "value": {"id_feat": 2608, "x": [5165.06005859375, 5149.14013671875]}}]}}, {"key": 32, "value": {"X": [0.3833483156106496, -0.2655280554417195, 1.2799344078433035], "observations": [{"key": 0, "value": {"id_feat": 685, "x": [7325.72021484375, 1452.56005859375]}}, {"key": 1, "value": {"id_feat": 4822, "x": [7275.580078125, 6134.43994140625]}}, {"key": 5, "value": {"id_feat": 4730, "x": [2790.830078125, 5067.740234375]}}]}}, {"key": 33, "value": {"X": [-0.21290537034025642, -0.18446200496041248, 1.0002420944086496], "observations": [{"key": 0, "value": {"id_feat": 718, "x": [2794.659912109375, 1558.3900146484375]}}, {"key": 1, "value": {"id_feat": 2930, "x": [2644.010009765625, 6453.0498046875]}}, {"key": 5, "value": {"id_feat": 2494, "x": [7621.39013671875, 4768.509765625]}}]}}, {"key": 34, "value": {"X": [0.28301077105110894, -0.254931683620281, 1.29573388350086], "observations": [{"key": 0, "value": {"id_feat": 719, "x": [6561.3701171875, 1563.4100341796875]}}, {"key": 1, "value": {"id_feat": 6576, "x": [6498.0400390625, 6272.08984375]}}, {"key": 10, "value": {"id_feat": 3925, "x": [8008.490234375, 2004.0400390625]}}]}}, {"key": 35, "value": {"X": [-0.14450245042041832, -0.24887440397404162, 1.2661738177903492], "observations": [{"key": 0, "value": {"id_feat": 733, "x": [3209.639892578125, 1596.3199462890625]}}, {"key": 1, "value": {"id_feat": 4875, "x": [3069.75, 6446.8701171875]}}, {"key": 5, "value": {"id_feat": 2488, "x": [7173.0, 4752.56005859375]}}]}}, {"key": 36, "value": {"X": [-0.17971666606626266, -0.2471200716916086, 1.2310225599954001], "observations": [{"key": 0, "value": {"id_feat": 745, "x": [2880.110107421875, 1610.0799560546875]}}, {"key": 1, "value": {"id_feat": 2946, "x": [2733.47998046875, 6502.06005859375]}}, {"key": 5, "value": {"id_feat": 2477, "x": [7528.39990234375, 4716.02001953125]}}]}}, {"key": 37, "value": {"X": [-0.17971666606626205, -0.24712007169160943, 1.231022559995398], "observations": [{"key": 0, "value": {"id_feat": 746, "x": [2880.110107421875, 1610.0799560546875]}}, {"key": 1, "value": {"id_feat": 2947, "x": [2733.47998046875, 6502.06005859375]}}, {"key": 5, "value": {"id_feat": 2476, "x": [7528.39990234375, 4716.02001953125]}}]}}, {"key": 38, "value": {"X": [0.10912585903938819, -0.24585924978412588, 1.2691735047460615], "observations": [{"key": 0, "value": {"id_feat": 758, "x": [5247.080078125, 1637.9300537109375]}}, {"key": 1, "value": {"id_feat": 2911, "x": [5156.43017578125, 6393.02978515625]}}, {"key": 5, "value": {"id_feat": 2500, "x": [5015.16015625, 4791.52978515625]}}]}}, {"key": 39, "value": {"X": [0.10911379809473595, -0.24586900260758482, 1.2689013664321915], "observations": [{"key": 0, "value": {"id_feat": 759, "x": [5247.080078125, 1637.9300537109375]}}, {"key": 1, "value": {"id_feat": 2912, "x": [5156.43017578125, 6393.02978515625]}}, {"key": 5, "value": {"id_feat": 2501, "x": [5015.16015625, 4791.52978515625]}}]}}, {"key": 40, "value": {"X": [-0.20460665103030612, -0.23914319907209766, 1.2329494634063833], "observations": [{"key": 0, "value": {"id_feat": 770, "x": [2652.6201171875, 1665.2900390625]}}, {"key": 1, "value": {"id_feat": 2971, "x": [2503.25, 6566.7900390625]}}, {"key": 5, "value": {"id_feat": 2454, "x": [7761.85986328125, 4649.919921875]}}]}}, {"key": 41, "value": {"X": [-0.014280025008610926, -0.2360238790354371, 1.2777705897320477], "observations": [{"key": 0, "value": {"id_feat": 791, "x": [4271.25, 1724.8199462890625]}}, {"key": 1, "value": {"id_feat": 2958, "x": [4161.25, 6525.93994140625]}}, {"key": 5, "value": {"id_feat": 2459, "x": [6047.56005859375, 4660.0]}}]}}, {"key": 42, "value": {"X": [-0.15177233859957648, -0.4457473378574519, 1.2861786266076178], "observations": [{"key": 0, "value": {"id_feat": 3283, "x": [3075.139892578125, 16.536100387573242]}}, {"key": 1, "value": {"id_feat": 4365, "x": [2875.419921875, 4772.10986328125]}}, {"key": 5, "value": {"id_feat": 6671, "x": [7394.7998046875, 6484.6201171875]}}]}}, {"key": 43, "value": {"X": [0.40369638500616584, -0.4581691862402132, 1.2041346630699488], "observations": [{"key": 0, "value": {"id_feat": 3286, "x": [7447.56982421875, 46.4364013671875]}}, {"key": 1, "value": {"id_feat": 6151, "x": [7346.89990234375, 4663.8798828125]}}, {"key": 5, "value": {"id_feat": 6706, "x": [2674.159912109375, 6640.6201171875]}}, {"key": 10, "value": {"id_feat": 4420, "x": [7055.25, 3691.93994140625]}}]}}, {"key": 44, "value": {"X": [0.10151394967885999, -0.44983434008829093, 1.3246147766509733], "observations": [{"key": 0, "value": {"id_feat": 3298, "x": [5188.7001953125, 112.802001953125]}}, {"key": 1, "value": {"id_feat": 4380, "x": [5039.759765625, 4823.7001953125]}}, {"key": 4, "value": {"id_feat": 3819, "x": [5088.080078125, 966.7589721679688]}}, {"key": 5, "value": {"id_feat": 6664, "x": [5139.89013671875, 6459.97021484375]}}, {"key": 6, "value": {"id_feat": 3101, "x": [8262.2001953125, 1069.2900390625]}}]}}, {"key": 45, "value": {"X": [0.43699505076947803, -0.44517694856780804, 1.2458475993407694], "observations": [{"key": 0, "value": {"id_feat": 3306, "x": [7698.6298828125, 139.17599487304688]}}, {"key": 1, "value": {"id_feat": 4364, "x": [7607.89990234375, 4751.990234375]}}, {"key": 4, "value": {"id_feat": 6185, "x": [2417.89990234375, 1143.489990234375]}}, {"key": 7, "value": {"id_feat": 3220, "x": [6902.10986328125, 3982.919921875]}}, {"key": 10, "value": {"id_feat": 4392, "x": [6773.6201171875, 3589.139892578125]}}]}}, {"key": 46, "value": {"X": [-0.10995184601007606, -0.4284792201691298, 1.286652774694835], "observations": [{"key": 0, "value": {"id_feat": 3314, "x": [3454.679931640625, 178.06399536132812]}}, {"key": 1, "value": {"id_feat": 4433, "x": [3269.300048828125, 4931.83984375]}}, {"key": 4, "value": {"id_feat": 3746, "x": [6884.8798828125, 801.0330200195312]}}, {"key": 5, "value": {"id_feat": 6607, "x": [6985.2001953125, 6319.72021484375]}}, {"key": 6, "value": {"id_feat": 3696, "x": [8420.919921875, 2813.010009765625]}}]}}, {"key": 47, "value": {"X": [-0.3069143199810232, -0.42607497304643277, 1.3896093708652835], "observations": [{"key": 0, "value": {"id_feat": 3330, "x": [1725.8800048828125, 226.2449951171875]}}, {"key": 1, "value": {"id_feat": 4473, "x": [1503.8199462890625, 5033.990234375]}}, {"key": 4, "value": {"id_feat": 349, "x": [8655.7001953125, 639.916015625]}}, {"key": 5, "value": {"id_feat": 5048, "x": [8800.5498046875, 6197.14013671875]}}, {"key": 6, "value": {"id_feat": 4159, "x": [8580.8603515625, 4570.240234375]}}]}}, {"key": 48, "value": {"X": [0.25952827563014025, -0.43678807321957397, 1.2722420931319034], "observations": [{"key": 0, "value": {"id_feat": 3334, "x": [6288.2001953125, 230.6699981689453]}}, {"key": 1, "value": {"id_feat": 4418, "x": [6168.81982421875, 4896.7900390625]}}, {"key": 4, "value": {"id_feat": 3800, "x": [3914.27001953125, 940.5380249023438]}}, {"key": 5, "value": {"id_feat": 6640, "x": [3939.9599609375, 6380.6201171875]}}, {"key": 7, "value": {"id_feat": 3554, "x": [7077.75, 5368.56982421875]}}, {"key": 10, "value": {"id_feat": 3020, "x": [8353.0, 3475.1201171875]}}]}}, {"key": 49, "value": {"X": [0.3963760986695205, -0.43057585886307803, 1.2545440931552168], "observations": [{"key": 0, "value": {"id_feat": 3335, "x": [7382.89990234375, 234.44200134277344]}}, {"key": 1, "value": {"id_feat": 4398, "x": [7288.990234375, 4862.22998046875]}}, {"key": 5, "value": {"id_feat": 5125, "x": [2742.739990234375, 6425.33984375]}}, {"key": 10, "value": {"id_feat": 4377, "x": [7123.89013671875, 3480.43994140625]}}]}}, {"key": 50, "value": {"X": [0.39637301021416255, -0.43059270509739256, 1.2543621152653603], "observations": [{"key": 0, "value": {"id_feat": 3336, "x": [7382.89990234375, 234.44200134277344]}}, {"key": 1, "value": {"id_feat": 4399, "x": [7288.990234375, 4862.22998046875]}}, {"key": 5, "value": {"id_feat": 5124, "x": [2742.739990234375, 6425.33984375]}}, {"key": 10, "value": {"id_feat": 4376, "x": [7123.89013671875, 3480.43994140625]}}]}}, {"key": 51, "value": {"X": [0.5897590633151035, -0.4260667616034131, 1.2437789353509054], "observations": [{"key": 0, "value": {"id_feat": 3345, "x": [8847.7900390625, 257.64599609375]}}, {"key": 1, "value": {"id_feat": 4390, "x": [8789.1298828125, 4840.85986328125]}}, {"key": 4, "value": {"id_feat": 3883, "x": [1172.6300048828125, 1097.050048828125]}}, {"key": 5, "value": {"id_feat": 5141, "x": [1123.9300537109375, 6463.18017578125]}}, {"key": 7, "value": {"id_feat": 3033, "x": [6954.490234375, 2864.110107421875]}}, {"key": 10, "value": {"id_feat": 3015, "x": [5503.83984375, 3461.239990234375]}}]}}, {"key": 52, "value": {"X": [0.4327312137334662, -0.4257677683543307, 1.246383982217539], "observations": [{"key": 0, "value": {"id_feat": 3354, "x": [7671.759765625, 283.7250061035156]}}, {"key": 1, "value": {"id_feat": 4421, "x": [7586.5, 4902.5400390625]}}, {"key": 4, "value": {"id_feat": 6135, "x": [2435.56005859375, 989.5449829101562]}}, {"key": 5, "value": {"id_feat": 6644, "x": [2423.8798828125, 6382.7998046875]}}, {"key": 10, "value": {"id_feat": 4359, "x": [6799.6298828125, 3428.280029296875]}}]}}, {"key": 53, "value": {"X": [-0.28580929299046365, -0.4340320894540513, 1.2914954790859017], "observations": [{"key": 0, "value": {"id_feat": 3358, "x": [2072.969970703125, 302.8800048828125]}}, {"key": 1, "value": {"id_feat": 4508, "x": [1860.3900146484375, 5102.66015625]}}, {"key": 4, "value": {"id_feat": 314, "x": [8294.0, 583.3519897460938]}}, {"key": 5, "value": {"id_feat": 3091, "x": [8433.75, 6126.02001953125]}}]}}, {"key": 54, "value": {"X": [0.12679178950734502, -0.4145003060634982, 1.2787682529545068], "observations": [{"key": 0, "value": {"id_feat": 3374, "x": [5306.509765625, 348.5849914550781]}}, {"key": 1, "value": {"id_feat": 4482, "x": [5168.81982421875, 5048.18994140625]}}, {"key": 4, "value": {"id_feat": 3727, "x": [4938.5400390625, 752.4829711914062]}}, {"key": 5, "value": {"id_feat": 5054, "x": [4997.60009765625, 6208.7998046875]}}, {"key": 6, "value": {"id_feat": 3070, "x": [8471.8203125, 946.208984375]}}]}}, {"key": 55, "value": {"X": [0.4798969301936248, -0.42788166897624025, 1.2166495805059152], "observations": [{"key": 0, "value": {"id_feat": 3375, "x": [8108.64990234375, 356.07501220703125]}}, {"key": 1, "value": {"id_feat": 2298, "x": [8035.77978515625, 4964.9501953125]}}, {"key": 4, "value": {"id_feat": 3802, "x": [1963.0999755859375, 941.8090209960938]}}, {"key": 5, "value": {"id_feat": 6606, "x": [1942.1400146484375, 6319.72998046875]}}, {"key": 7, "value": {"id_feat": 4851, "x": [7089.68994140625, 3574.110107421875]}}, {"key": 10, "value": {"id_feat": 4334, "x": [6315.830078125, 3349.360107421875]}}]}}, {"key": 56, "value": {"X": [0.1861124870592438, -0.403770255798217, 1.2585211953330588], "observations": [{"key": 0, "value": {"id_feat": 3384, "x": [5821.56982421875, 399.3039855957031]}}, {"key": 1, "value": {"id_feat": 4501, "x": [5698.259765625, 5088.1298828125]}}, {"key": 5, "value": {"id_feat": 3112, "x": [4441.18017578125, 6170.43994140625]}}]}}, {"key": 57, "value": {"X": [0.21092825154102102, -0.4122380360990493, 1.2929497232700682], "observations": [{"key": 0, "value": {"id_feat": 3385, "x": [6016.10009765625, 399.260009765625]}}, {"key": 1, "value": {"id_feat": 6280, "x": [5897.3701171875, 5092.2001953125]}}, {"key": 4, "value": {"id_feat": 6029, "x": [4190.75, 727.2650146484375]}}, {"key": 5, "value": {"id_feat": 5042, "x": [4234.66015625, 6176.2001953125]}}, {"key": 7, "value": {"id_feat": 5313, "x": [7273.64013671875, 5635.52978515625]}}, {"key": 10, "value": {"id_feat": 4316, "x": [8665.1201171875, 3272.389892578125]}}]}}, {"key": 58, "value": {"X": [-0.2467598449266691, -0.3895423778343807, 1.2630498544946136], "observations": [{"key": 0, "value": {"id_feat": 3412, "x": [2259.93994140625, 459.2959899902344]}}, {"key": 1, "value": {"id_feat": 4563, "x": [2057.639892578125, 5270.27978515625]}}, {"key": 5, "value": {"id_feat": 4988, "x": [8230.01953125, 5959.5498046875]}}]}}, {"key": 59, "value": {"X": [0.22690171632578982, -0.37137054098965033, 1.2875893564396559], "observations": [{"key": 0, "value": {"id_feat": 3413, "x": [6154.7001953125, 460.7070007324219]}}, {"key": 1, "value": {"id_feat": 6293, "x": [6040.10009765625, 5151.35986328125]}}, {"key": 5, "value": {"id_feat": 5021, "x": [4082.47998046875, 6113.4599609375]}}]}}, {"key": 60, "value": {"X": [-0.09055292379069553, -0.39164186944962115, 1.2880620314479283], "observations": [{"key": 0, "value": {"id_feat": 3420, "x": [3697.780029296875, 473.3039855957031]}}, {"key": 1, "value": {"id_feat": 9212, "x": [3528.4599609375, 5239.64990234375]}}, {"key": 4, "value": {"id_feat": 9675, "x": [6603.75, 500.5199890136719]}}, {"key": 5, "value": {"id_feat": 7749, "x": [6712.5, 6000.0]}}, {"key": 6, "value": {"id_feat": 7589, "x": [8720.5, 2546.389892578125]}}]}}, {"key": 61, "value": {"X": [0.09983598642121724, -0.3939322107918336, 1.2684238199995168], "observations": [{"key": 0, "value": {"id_feat": 3434, "x": [5109.31005859375, 506.760986328125]}}, {"key": 1, "value": {"id_feat": 2437, "x": [4973.7998046875, 5217.97998046875]}}, {"key": 4, "value": {"id_feat": 312, "x": [5129.68017578125, 574.583984375]}}, {"key": 5, "value": {"id_feat": 5006, "x": [5203.2001953125, 6025.1201171875]}}]}}, {"key": 62, "value": {"X": [-0.07591324259116777, -0.3873196205773527, 1.2783207679611093], "observations": [{"key": 0, "value": {"id_feat": 3436, "x": [3730.9599609375, 510.98699951171875]}}, {"key": 1, "value": {"id_feat": 4565, "x": [3563.780029296875, 5271.169921875]}}, {"key": 5, "value": {"id_feat": 4989, "x": [6674.81982421875, 5963.10009765625]}}]}}, {"key": 63, "value": {"X": [0.24835250930511538, -0.39491650164881575, 1.300745798976924], "observations": [{"key": 0, "value": {"id_feat": 3439, "x": [6263.2998046875, 511.88299560546875]}}, {"key": 1, "value": {"id_feat": 4533, "x": [6154.240234375, 5202.33984375]}}, {"key": 4, "value": {"id_feat": 3693, "x": [3921.080078125, 624.4509887695312]}}, {"key": 5, "value": {"id_feat": 6540, "x": [3963.719970703125, 6060.91015625]}}, {"key": 10, "value": {"id_feat": 4288, "x": [8385.0400390625, 3147.449951171875]}}]}}, {"key": 64, "value": {"X": [0.20156423224900122, -0.3942483087949184, 1.2558805189991176], "observations": [{"key": 0, "value": {"id_feat": 3465, "x": [5849.33984375, 575.583984375]}}, {"key": 1, "value": {"id_feat": 6330, "x": [5732.7001953125, 5266.7001953125]}}, {"key": 4, "value": {"id_feat": 5975, "x": [4348.02978515625, 552.0869750976562]}}, {"key": 5, "value": {"id_feat": 6505, "x": [4404.93994140625, 5978.7001953125]}}, {"key": 6, "value": {"id_feat": 4613, "x": [8668.509765625, 391.8389892578125]}}, {"key": 7, "value": {"id_feat": 5353, "x": [7436.60009765625, 5784.56982421875]}}, {"key": 10, "value": {"id_feat": 4275, "x": [8832.25, 3088.68994140625]}}]}}, {"key": 65, "value": {"X": [0.20151662727652178, -0.39414559203100485, 1.25625610497082], "observations": [{"key": 0, "value": {"id_feat": 3466, "x": [5849.33984375, 575.583984375]}}, {"key": 1, "value": {"id_feat": 6331, "x": [5732.7001953125, 5266.7001953125]}}, {"key": 4, "value": {"id_feat": 5976, "x": [4348.02978515625, 552.0869750976562]}}, {"key": 5, "value": {"id_feat": 6506, "x": [4404.93994140625, 5978.7001953125]}}, {"key": 6, "value": {"id_feat": 4614, "x": [8668.509765625, 391.8389892578125]}}, {"key": 7, "value": {"id_feat": 5354, "x": [7436.60009765625, 5784.56982421875]}}, {"key": 10, "value": {"id_feat": 4276, "x": [8832.25, 3088.68994140625]}}]}}, {"key": 66, "value": {"X": [-0.0869258889985927, -0.3612638897934736, 1.2759904198839982], "observations": [{"key": 0, "value": {"id_feat": 3503, "x": [3649.669921875, 701.1680297851562]}}, {"key": 1, "value": {"id_feat": 4622, "x": [3487.8701171875, 5474.2099609375]}}, {"key": 4, "value": {"id_feat": 5880, "x": [6629.89990234375, 264.2929992675781]}}, {"key": 5, "value": {"id_feat": 6444, "x": [6751.759765625, 5749.68994140625]}}, {"key": 6, "value": {"id_feat": 3622, "x": [8955.2998046875, 2579.699951171875]}}]}}, {"key": 67, "value": {"X": [0.3735164507397104, -0.3105816803905319, 1.2775281147743291], "observations": [{"key": 0, "value": {"id_feat": 3627, "x": [7258.1298828125, 1082.550048828125]}}, {"key": 1, "value": {"id_feat": 6449, "x": [7193.33984375, 5751.10986328125]}}, {"key": 5, "value": {"id_feat": 6351, "x": [2868.64990234375, 5472.77001953125]}}]}}, {"key": 68, "value": {"X": [-0.2393130802813856, -0.3116759800527676, 1.2584626768502123], "observations": [{"key": 0, "value": {"id_feat": 3631, "x": [2332.77001953125, 1091.5400390625]}}, {"key": 1, "value": {"id_feat": 2740, "x": [2156.169921875, 5923.080078125]}}, {"key": 5, "value": {"id_feat": 2673, "x": [8108.64013671875, 5275.52978515625]}}]}}, {"key": 69, "value": {"X": [-0.2393049017502991, -0.3116737222912379, 1.2584289921397176], "observations": [{"key": 0, "value": {"id_feat": 3632, "x": [2332.77001953125, 1091.5400390625]}}, {"key": 1, "value": {"id_feat": 2741, "x": [2156.169921875, 5923.080078125]}}, {"key": 5, "value": {"id_feat": 2674, "x": [8108.64013671875, 5275.52978515625]}}]}}, {"key": 70, "value": {"X": [0.3563268716606102, -0.30752507071853485, 1.2763153074617346], "observations": [{"key": 0, "value": {"id_feat": 3652, "x": [7095.66015625, 1175.699951171875]}}, {"key": 1, "value": {"id_feat": 4751, "x": [7030.490234375, 5851.89013671875]}}, {"key": 10, "value": {"id_feat": 2728, "x": [7425.8701171875, 2433.0]}}]}}, {"key": 71, "value": {"X": [0.37859206774188536, -0.29811775329479206, 1.26799573603088], "observations": [{"key": 0, "value": {"id_feat": 3666, "x": [7283.08984375, 1239.0400390625]}}, {"key": 1, "value": {"id_feat": 4773, "x": [7224.77978515625, 5912.47998046875]}}, {"key": 10, "value": {"id_feat": 4068, "x": [7218.8701171875, 2366.2900390625]}}]}}, {"key": 72, "value": {"X": [0.3786125844686219, -0.2981185842214824, 1.2680384992170024], "observations": [{"key": 0, "value": {"id_feat": 3667, "x": [7283.08984375, 1239.0400390625]}}, {"key": 1, "value": {"id_feat": 4774, "x": [7224.77978515625, 5912.47998046875]}}, {"key": 10, "value": {"id_feat": 4069, "x": [7218.8701171875, 2366.2900390625]}}]}}, {"key": 73, "value": {"X": [-0.28109735275389164, -0.3167131834469472, 1.3605416300675293], "observations": [{"key": 0, "value": {"id_feat": 3669, "x": [1897.3199462890625, 1246.18994140625]}}, {"key": 1, "value": {"id_feat": 6551, "x": [1716.449951171875, 6098.93994140625]}}, {"key": 5, "value": {"id_feat": 4739, "x": [8550.759765625, 5093.740234375]}}]}}, {"key": 74, "value": {"X": [-0.2808956681910571, -0.31686315642972424, 1.3606482577306485], "observations": [{"key": 0, "value": {"id_feat": 3670, "x": [1897.3199462890625, 1246.18994140625]}}, {"key": 1, "value": {"id_feat": 6552, "x": [1716.449951171875, 6098.93994140625]}}, {"key": 5, "value": {"id_feat": 4740, "